,time_ns,anisotropy
0,0.016,0.0624441399034731
1,0.032,0.11345607677994302
2,0.048,0.181184668989547
3,0.064,0.195253194964927
4,0.08,0.17237572188880002
5,0.096,0.17069321354862102
6,0.11199999999999999,0.20321315673642498
7,0.128,0.22557585385226303
8,0.14400000000000002,0.246308001514666
9,0.16,0.25940208608785
10,0.17600000000000002,0.26136486107818
11,0.192,0.287967657180919
12,0.20800000000000002,0.31529212319090805
13,0.22399999999999998,0.319677054378343
14,0.24,0.33731896761771096
15,0.256,0.337597285433442
16,0.272,0.35225741646665604
17,0.28800000000000003,0.35046670030272403
18,0.304,0.363006864697815
19,0.32,0.39302668025907894
20,0.336,0.393812618676382
21,0.35200000000000004,0.38515141064043
22,0.368,0.3935055158598161
23,0.384,0.42177951265889296
24,0.4,0.421179942378752
25,0.41600000000000004,0.42724449234549
26,0.43200000000000005,0.426698969806128
27,0.44799999999999995,0.42242425438293607
28,0.46399999999999997,0.42782606034640996
29,0.48,0.43815857236876204
30,0.496,0.44308521007133
31,0.512,0.44533687330113103
32,0.528,0.44446719465351897
33,0.544,0.455278399368171
34,0.56,0.45744540400304295
35,0.5760000000000001,0.464645263614057
36,0.5920000000000001,0.46722342264679106
37,0.608,0.46831695992487604
38,0.624,0.47083859449587895
39,0.64,0.47257698953892
40,0.6559999999999999,0.47573191584503005
41,0.672,0.47585530054413294
42,0.688,0.47668240462838896
43,0.7040000000000001,0.48042718950583396
44,0.72,0.475408649243325
45,0.736,0.47607487730790504
46,0.752,0.483831018052142
47,0.768,0.480493682226822
48,0.784,0.482355492480859
49,0.8,0.480330099644441
50,0.816,0.481227499492267
51,0.8320000000000001,0.4789433725712571
52,0.848,0.480689634959799
53,0.8640000000000001,0.481488523044955
54,0.88,0.481100088894483
55,0.8959999999999999,0.47401491374238797
56,0.912,0.476276388998202
57,0.9279999999999999,0.47738624055786205
58,0.9440000000000001,0.47371778702755896
59,0.9440000000000001,0.47371778702755896
60,0.96,0.47163496924771003
61,0.976,0.46822869965907904
62,0.992,0.466538240294881
63,1.008,0.46719314435035103
64,1.024,0.46403824929534204
65,1.04,0.46159872886630393
66,1.056,0.46454132394961895
67,1.072,0.46232072440615507
68,1.088,0.457677272088901
69,1.104,0.45502278798619106
70,1.12,0.45234600945691705
71,1.136,0.45164299353870896
72,1.1520000000000001,0.450283877459019
73,1.168,0.455350038623084
74,1.1840000000000002,0.45222310384342
75,1.2,0.44957317754931503
76,1.216,0.44606244846122795
77,1.232,0.44049247722046897
78,1.248,0.438335758757719
79,1.264,0.4424050454272971
80,1.28,0.43448154309653997
81,1.296,0.43434517289280494
82,1.3119999999999998,0.437814150659855
83,1.328,0.43281639848866604
84,1.344,0.428131787876745
85,1.36,0.42380499120645
86,1.376,0.42611431567907704
87,1.392,0.42673471921820394
88,1.4080000000000001,0.42180231059442297
89,1.4240000000000002,0.421101059409704
90,1.44,0.41650668231020505
91,1.456,0.415128429954716
92,1.472,0.412720283122681
93,1.4880000000000002,0.4093048458538371
94,1.504,0.4082223818189771
95,1.52,0.404523774821456
96,1.536,0.40426553079161304
97,1.5519999999999998,0.40276630673070096
98,1.568,0.400009431910106
99,1.584,0.395875740611876
100,1.6,0.39698142938396996
101,1.6159999999999999,0.397925408212233
102,1.632,0.39041372524587603
103,1.6480000000000001,0.393272169672271
104,1.6640000000000001,0.393963574367378
105,1.68,0.38718288802254996
106,1.696,0.383568235076869
107,1.712,0.384262792695745
108,1.7280000000000002,0.38725684717222997
109,1.744,0.384596122672219
110,1.76,0.379795140557781
111,1.776,0.37357967634538203
112,1.7919999999999998,0.38064291193699
113,1.808,0.373006638129804
114,1.824,0.3709224409216911
115,1.84,0.36823106312799103
116,1.8559999999999999,0.37029565095598704
117,1.8719999999999999,0.368574946066919
118,1.8880000000000001,0.367939743989299
119,1.9040000000000001,0.364889702532176
120,1.92,0.36063827933159703
121,1.936,0.360245658903366
122,1.952,0.35586181496349
123,1.9680000000000002,0.363977856306808
124,1.984,0.358062484808614
125,2.0,0.353389912076185
126,2.016,0.351704577444964
127,2.032,0.351039652928743
128,2.048,0.35077327182672396
129,2.064,0.349669020490027
130,2.08,0.348816840032719
131,2.096,0.35030296777776504
132,2.112,0.34426690671767696
133,2.128,0.346219308667188
134,2.144,0.34354357091714194
135,2.16,0.34801092900462105
136,2.176,0.34197228034329996
137,2.1919999999999997,0.339146615462275
138,2.208,0.3355706098271599
139,2.224,0.335059195058224
140,2.24,0.334830471776741
141,2.256,0.333023774707162
142,2.272,0.33426033483456297
143,2.2880000000000003,0.334128647971922
144,2.3040000000000003,0.32327057172602297
145,2.32,0.33236849764335996
146,2.336,0.325340083926007
147,2.352,0.322708905015588
148,2.3680000000000003,0.32544998853681395
149,2.384,0.321453190802518
150,2.4,0.323170304731713
151,2.416,0.324054072276518
152,2.432,0.31922168179738
153,2.448,0.31947520454504197
154,2.464,0.31796215589113697
155,2.48,0.315640598461304
156,2.496,0.31269194424757896
157,2.512,0.321463570948063
158,2.528,0.317288103734704
159,2.544,0.316079003806216
160,2.56,0.316189986295914
161,2.576,0.31226294409408195
162,2.592,0.315202123995795
163,2.608,0.310012290658759
164,2.6239999999999997,0.31164255531261703
165,2.64,0.309670574487205
166,2.656,0.31078676784712395
167,2.6719999999999997,0.30553931123170597
168,2.688,0.30835198044450396
169,2.7039999999999997,0.301713457237171
170,2.72,0.303271484061319
171,2.736,0.304931867451223
172,2.752,0.30269308276594004
173,2.7680000000000002,0.302648756386402
174,2.784,0.29765925579613106
175,2.8,0.30250216035954197
176,2.8160000000000003,0.298227580033622
177,2.832,0.302215860866628
178,2.8480000000000003,0.299654811452484
179,2.864,0.304429444422255
180,2.88,0.29907644412412604
181,2.8960000000000004,0.29680290536719
182,2.912,0.296767410384225
183,2.928,0.292382120468793
184,2.944,0.29244666317603807
185,2.96,0.295492907096449
186,2.9760000000000004,0.29429543578643896
187,2.992,0.294281056784312
188,3.008,0.291794561327739
189,3.0239999999999996,0.290299290080401
190,3.04,0.291618534797859
191,3.056,0.293179748914469
192,3.072,0.28765882938471
193,3.088,0.287708637822538
194,3.1039999999999996,0.28703137482119395
195,3.12,0.29176475477526004
196,3.136,0.283610312731397
197,3.1519999999999997,0.279933352462884
198,3.168,0.28197171109449104
199,3.1839999999999997,0.28581014093456103
200,3.2,0.281967301339354
201,3.216,0.282587622832831
202,3.2319999999999998,0.27912879878561897
203,3.248,0.281106504610085
204,3.264,0.27803453491893204
205,3.28,0.28196785554803805
206,3.2960000000000003,0.28280117370157104
207,3.312,0.27950525295750106
208,3.3280000000000003,0.281150401093565
209,3.344,0.27788422927178497
210,3.36,0.272435890394708
211,3.3760000000000003,0.273907975514366
212,3.392,0.27782737483798
213,3.408,0.278338420842222
214,3.424,0.27282525765080606
215,3.44,0.274543930364029
216,3.4560000000000004,0.2775683648888789
217,3.472,0.27494759093706395
218,3.488,0.267762650560261
219,3.5039999999999996,0.267551825399088
220,3.52,0.262031735950911
221,3.536,0.267425902069388
222,3.552,0.274362982022883
223,3.568,0.271828087511499
224,3.5839999999999996,0.26571263118648897
225,3.6,0.26406059662542497
226,3.616,0.269254751324305
227,3.6319999999999997,0.272451888377642
228,3.648,0.261846685769768
229,3.6639999999999997,0.26501547488555
230,3.68,0.263593040717065
231,3.696,0.267958239760012
232,3.7119999999999997,0.26419856228864497
233,3.728,0.26256598864119696
234,3.7439999999999998,0.258349116941669
235,3.76,0.262787985276966
236,3.7760000000000002,0.261226329794327
237,3.792,0.26348095204908395
238,3.8080000000000003,0.26460949247516397
239,3.824,0.259801662425371
240,3.84,0.260509184223571
241,3.8560000000000003,0.26381615896171695
242,3.872,0.26163085383880397
243,3.888,0.25672498264107896
244,3.904,0.25631841961011803
245,3.92,0.25724898824089104
246,3.9360000000000004,0.26135508656027
247,3.952,0.261512703436918
248,3.968,0.258898906461258
249,3.984,0.25940146220561
250,4.0,0.25336270158017604
251,4.016,0.261051593711427
252,4.032,0.261245694311684
253,4.048,0.264048273766427
254,4.064,0.25572513665081303
255,4.08,0.259349774894443
256,4.096,0.255346614168277
257,4.112,0.253098333522364
258,4.128,0.252612230497316
259,4.144,0.250336380987145
260,4.16,0.25879123719636304
261,4.176,0.25124048859818804
262,4.192,0.25013916469598896
263,4.208,0.25912307203053003
264,4.224,0.254611721439952
265,4.24,0.24989059080962803
266,4.256,0.258751865352154
267,4.272,0.25177548426002105
268,4.288,0.257356046740814
269,4.303999999999999,0.25115127583587
270,4.32,0.24712528866149
271,4.336,0.242849315757329
272,4.352,0.251303547372204
273,4.368,0.251218213962094
274,4.3839999999999995,0.252240540382789
275,4.4,0.25395035183528897
276,4.416,0.249927721680284
277,4.4319999999999995,0.24759153770433603
278,4.448,0.244096211579233
279,4.4639999999999995,0.251970192285489
280,4.48,0.24865179921699
281,4.496,0.243653119690313
282,4.512,0.234709343448083
283,4.5280000000000005,0.238741382168088
284,4.544,0.242475827318535
285,4.56,0.24707455927433397
286,4.5760000000000005,0.24244738125737897
287,4.592,0.244366128690837
288,4.6080000000000005,0.241256782106029
289,4.624,0.24535549657773398
290,4.64,0.246542203523534
291,4.656000000000001,0.24255806499161198
292,4.672,0.23691658609475302
293,4.688,0.23809529476022798
294,4.704,0.24478707642762898
295,4.72,0.24427561095161396
296,4.736000000000001,0.245356432417184
297,4.752,0.2430789419309
298,4.768,0.23951547280868898
299,4.784,0.24584412288633603
300,4.8,0.23660386137462103
301,4.816,0.24129082522290804
302,4.832,0.23707471049541398
303,4.848,0.23901304574356697
304,4.864,0.242481831726822
305,4.88,0.232585127422148
306,4.896,0.224958030218243
307,4.912,0.23391231335342802
308,4.928,0.23949837694294002
309,4.944,0.2393577136352
310,4.96,0.23662586798097301
311,4.976,0.23675106815250002
312,4.992,0.23662418737328
313,5.008,0.24235182604295197
314,5.024,0.23363211855567
315,5.04,0.23165724099293103
316,5.056,0.235170885063334
317,5.072,0.238690102185919
318,5.088,0.23414340968795702
319,5.104,0.234738550022201
320,5.12,0.23597474333477603
321,5.136,0.24032018875683803
322,5.152,0.234031438073112
323,5.167999999999999,0.241091619366364
324,5.184,0.245887747981258
325,5.2,0.23665942566263798
326,5.216,0.234678682878193
327,5.232,0.229517072166314
328,5.247999999999999,0.221222886085339
329,5.263999999999999,0.232850078194345
330,5.28,0.23367156251806098
331,5.296,0.23273034108394197
332,5.312,0.232298340227555
333,5.327999999999999,0.23261635161714103
334,5.343999999999999,0.23359000081338302
335,5.36,0.23178780779083397
336,5.376,0.22528807653513502
337,5.392,0.228403232012313
338,5.4079999999999995,0.235562616243026
339,5.4239999999999995,0.23545938424290802
340,5.44,0.227199714438693
341,5.456,0.232331018695871
342,5.472,0.22482858861108
343,5.4879999999999995,0.23045784366275002
344,5.504,0.235982673613962
345,5.52,0.22564385665938602
346,5.5360000000000005,0.22784684188820803
347,5.5520000000000005,0.220835221376054
348,5.568,0.217628854350076
349,5.584,0.226870842960018
350,5.6,0.22482264900728402
351,5.6160000000000005,0.233216377363233
352,5.632000000000001,0.23089265389417302
353,5.648,0.22460586087860998
354,5.664,0.22031359874506398
355,5.68,0.21040552852796104
356,5.696000000000001,0.22849831193056602
357,5.712000000000001,0.22183904474891503
358,5.728,0.222619219727793
359,5.744,0.225325343821767
360,5.76,0.21818764200570498
361,5.776,0.213694666082282
362,5.792000000000001,0.222168343281345
363,5.808,0.225596330604754
364,5.824,0.218129252683434
365,5.84,0.22027396960871695
366,5.856,0.217122132223013
367,5.872000000000001,0.21764419955237502
368,5.888,0.21461519786355898
369,5.904,0.22068208176689103
370,5.92,0.223324658425504
371,5.936,0.222711805497161
372,5.952000000000001,0.229367051518276
373,5.968,0.220578163482946
374,5.984,0.213470833079222
375,6.0,0.212899691546543
376,6.016,0.213755674878437
377,6.032,0.222665764414742
378,6.047999999999999,0.21388068424128498
379,6.064,0.213856168996113
380,6.08,0.22168635112855603
381,6.096,0.21277953126049304
382,6.112,0.21825230574326102
383,6.127999999999999,0.216607615211008
384,6.144,0.21882341079800402
385,6.16,0.22669918547673198
386,6.176,0.22170793655979
387,6.192,0.208298847680397
388,6.207999999999999,0.222861638847238
389,6.224,0.21237586579253398
390,6.24,0.205714249745068
391,6.256,0.217516054959847
392,6.272,0.215948773972733
393,6.287999999999999,0.21812585735361398
394,6.303999999999999,0.22101957814611498
395,6.32,0.21692641907010998
396,6.336,0.21677184684395198
397,6.352,0.200640903638722
398,6.367999999999999,0.215694472255657
399,6.3839999999999995,0.217741755669023
400,6.4,0.22564292615779602
401,6.416,0.21416300479636102
402,6.432,0.21115486774426398
403,6.4479999999999995,0.21082395458043804
404,6.4639999999999995,0.20503279444049696
405,6.48,0.216567859890483
406,6.496,0.20644095788604502
407,6.5120000000000005,0.19878749423967101
408,6.528,0.21698005485555605
409,6.544,0.21854756222298
410,6.56,0.21177607800285803
411,6.5760000000000005,0.209784434889085
412,6.5920000000000005,0.219527862534126
413,6.608,0.22127075052607
414,6.624,0.21058747204012604
415,6.64,0.21271086173422002
416,6.656000000000001,0.196100149212944
417,6.672000000000001,0.203077792242883
418,6.688,0.21201073724951602
419,6.704,0.21069683917067497
420,6.72,0.22226969663848
421,6.736000000000001,0.21626065758251
422,6.752000000000001,0.20535903892242802
423,6.768,0.20815499847141603
424,6.784,0.209351334062442
425,6.8,0.21477211469023702
426,6.816,0.201692989374066
427,6.832000000000001,0.21936564478800502
428,6.848,0.206512447559805
429,6.864,0.21440255440543302
430,6.88,0.212692253289957
431,6.896,0.20819578338333897
432,6.912000000000001,0.20863969843682897
433,6.928,0.21645729255183802
434,6.944,0.20331190726227696
435,6.96,0.197325094516037
436,6.976,0.20274862515142103
437,6.992000000000001,0.203645984541815
438,7.007999999999999,0.20843908629441601
439,7.024,0.208747817894649
440,7.04,0.20504834137406402
441,7.056,0.21130100580587197
442,7.072,0.21605548360711604
443,7.087999999999999,0.199152724306221
444,7.104,0.19681491914272603
445,7.12,0.19450298813407702
446,7.136,0.20609434515089398
447,7.152,0.21793617407708998
448,7.167999999999999,0.212490146273101
449,7.184,0.20928448110493
450,7.2,0.208471625224441
451,7.216,0.19836153517425698
452,7.232,0.18965922164714002
453,7.247999999999999,0.1997175030644
454,7.263999999999999,0.20116877517132503
455,7.28,0.21104441050610104
456,7.296,0.20775232914477
457,7.312,0.21269392635845497
458,7.327999999999999,0.20195773263433803
459,7.343999999999999,0.195597394570437
460,7.36,0.2104489129816
461,7.376,0.21588275521446698
462,7.392,0.200721287161659
463,7.4079999999999995,0.198040533803365
464,7.4239999999999995,0.208352940046672
465,7.44,0.195820507176625
466,7.456,0.20406003840576897
467,7.472,0.197270184646742
468,7.4879999999999995,0.20018395637605998
469,7.504,0.205700819958188
470,7.52,0.206221520505236
471,7.5360000000000005,0.19782968252047303
472,7.5520000000000005,0.20228197654896396
473,7.568,0.20807453416149102
474,7.584,0.205696594427245
475,7.6,0.193523896961457
476,7.6160000000000005,0.208363731468608
477,7.632000000000001,0.20358543611814897
478,7.648,0.19403999532715302
479,7.664,0.202716095210413
480,7.68,0.188272836059035
481,7.696000000000001,0.19471840474265698
482,7.712000000000001,0.20484474069257103
483,7.728,0.20498792893771
484,7.744,0.190827891069837
485,7.76,0.194577119158554
486,7.776,0.197630675818374
487,7.792000000000001,0.196104343190929
488,7.808,0.19219269291839897
489,7.824,0.20523547336815198
490,7.84,0.20319573304647898
491,7.856,0.18239655872576602
492,7.872000000000001,0.20022611130291
493,7.888,0.20247628784006302
494,7.904,0.18816539887472303
495,7.92,0.18445766221277804
496,7.936,0.196583906161805
497,7.952000000000001,0.20503674669279798
498,7.968,0.209705372616985
499,7.984,0.204360909438288
500,8.0,0.20504063125662497
501,8.016,0.206817998548504
502,8.032,0.203938109525834
503,8.048,0.21626377923887197
504,8.064,0.205521852172837
505,8.08,0.201292225869448
506,8.096,0.18994028767071802
507,8.112,0.199315218786356
508,8.128,0.20904241164768103
509,8.144,0.200338051975491
510,8.16,0.191696113074205
511,8.176,0.195152335004302
512,8.192,0.199392041985477
513,8.208,0.18787622313000302
514,8.224,0.17574990344590802
515,8.24,0.18161573673141201
516,8.256,0.187663034469522
517,8.272,0.186396216166086
518,8.288,0.190402908048874
519,8.304,0.193437838554909
520,8.32,0.18502692737328696
521,8.336,0.185133689356765
522,8.352,0.18510489064592303
523,8.368,0.19492192242150602
524,8.384,0.182744378155117
525,8.4,0.18401868595818802
526,8.416,0.20302702299193803
527,8.432,0.18567194949104504
528,8.448,0.18959736324692997
529,8.464,0.187443662377016
530,8.48,0.19149905988262803
531,8.496,0.184915199435643
532,8.512,0.202642550999582
533,8.527999999999999,0.198361573004691
534,8.544,0.187768108836868
535,8.56,0.19222415398026999
536,8.576,0.199988200415936
537,8.592,0.188027766926105
538,8.607999999999999,0.180708535113583
539,8.624,0.19116316931982602
540,8.64,0.18316905541023001
541,8.656,0.18385525751343698
542,8.672,0.187229266855915
543,8.687999999999999,0.17967001589727
544,8.704,0.17547276174857798
545,8.72,0.20004490116641
546,8.736,0.19826051653602303
547,8.752,0.187399616600176
548,8.767999999999999,0.18961581554119897
549,8.783999999999999,0.18835550926713102
550,8.8,0.19531009447874698
551,8.816,0.200907534711844
552,8.832,0.18207461076850698
553,8.847999999999999,0.19570369486580103
554,8.863999999999999,0.18621268982370398
555,8.88,0.188443998835667
556,8.896,0.161033383366384
557,8.912,0.17647605053721802
558,8.927999999999999,0.20197338253899
559,8.943999999999999,0.19881950051507605
560,8.96,0.201810782965057
561,8.976,0.190507936872837
562,8.992,0.17844149251205702
563,9.008,0.183566413410656
564,9.024,0.192088373675627
565,9.04,0.17321857154680098
566,9.056000000000001,0.178481461873651
567,9.072000000000001,0.19835234474017802
568,9.088,0.20016702615341198
569,9.104,0.19047619047619
570,9.12,0.18438270290009498
571,9.136000000000001,0.19333000783866602
572,9.152000000000001,0.169770338325281
573,9.168,0.17508313831752698
574,9.184,0.187883139117468
575,9.2,0.163616591579928
576,9.216000000000001,0.175852790556376
577,9.232000000000001,0.18452593749412
578,9.248,0.16803422623798697
579,9.264,0.165064796191155
580,9.28,0.172503721122215
581,9.296,0.178679646702341
582,9.312000000000001,0.18110647181628398
583,9.328,0.172455441874732
584,9.344,0.17444688909392403
585,9.36,0.202470195832371
586,9.376,0.202520311722765
587,9.392000000000001,0.20322010602788101
588,9.408,0.18513546008336002
589,9.424,0.17322993252089802
590,9.44,0.19193632047241
591,9.456,0.18523189975459603
592,9.472000000000001,0.19108431286203
593,9.488,0.180789206861589
594,9.504,0.18653257180697003
595,9.52,0.18509891179640503
596,9.536,0.170455259684482
597,9.552,0.19223956831569
598,9.568,0.18822549766203797
599,9.584,0.20555189771254997
600,9.6,0.180047939248668
601,9.616,0.1915959572558
602,9.632,0.19561532792925498
603,9.648,0.193991961074677
604,9.664,0.170674127830724
605,9.68,0.177560230002184
606,9.696,0.18972361124408105
607,9.712,0.182464454976303
608,9.728,0.18172030147146803
609,9.744,0.18736633693294802
610,9.76,0.17557217243884699
611,9.776,0.176389684813754
612,9.792,0.17266678818811498
613,9.808,0.18561591430757501
614,9.824,0.193509578068242
615,9.84,0.177206246025578
616,9.856,0.162123408546577
617,9.872,0.177957279310633
618,9.888,0.166540372819438
619,9.904,0.194596155234223
620,9.92,0.18293515358361698
621,9.936,0.18530158346428197
622,9.952,0.18294732527157198
623,9.968,0.197569531445753
624,9.984,0.162454378088563
625,10.0,0.18621736392553304
626,10.016,0.19323427283350098
627,10.032,0.17760646909313602
628,10.048,0.197346993887121
629,10.064,0.165791697610694
630,10.08,0.15972680647945903
631,10.096,0.17599494630448498
632,10.112,0.17104007633587803
633,10.128,0.19037002870028696
634,10.144,0.16835690968444
635,10.16,0.16553953169737698
636,10.176,0.149334350359655
637,10.192,0.165576691801926
638,10.208,0.174037888822709
639,10.224,0.17001902690948598
640,10.24,0.17399497487437196
641,10.255999999999998,0.182528952377564
642,10.272,0.188046464029875
643,10.288,0.18697369741535802
644,10.304,0.16830726770929097
645,10.32,0.16574248641454997
646,10.335999999999999,0.180281146282489
647,10.352,0.16672989737655802
648,10.368,0.17431832122079502
649,10.384,0.19808107187464602
650,10.4,0.189253026276941
651,10.415999999999999,0.187140717839718
652,10.432,0.17736103745842002
653,10.448,0.16876909431359
654,10.464,0.178467093067269
655,10.48,0.15630190619315001
656,10.495999999999999,0.16927098984314
657,10.512,0.187122329198831
658,10.527999999999999,0.156595486899894
659,10.544,0.181424978015911
660,10.56,0.167255848267806
661,10.575999999999999,0.20232879178920898
662,10.592,0.19449120122417698
663,10.607999999999999,0.171609768410425
664,10.624,0.155381099496381
665,10.64,0.162483812622409
666,10.655999999999999,0.18379123521302898
667,10.672,0.17515819962011098
668,10.687999999999999,0.163059841926985
669,10.704,0.191733147721798
670,10.72,0.19773490842093802
671,10.735999999999999,0.181684167797207
672,10.752,0.15332325450512602
673,10.767999999999999,0.177759350587003
674,10.784,0.162509656770776
675,10.8,0.16580879441610097
676,10.815999999999999,0.16939650805443898
677,10.832,0.16510516570389497
678,10.847999999999999,0.173383535023408
679,10.864,0.188069321582426
680,10.88,0.172425551261651
681,10.895999999999999,0.18785077583360899
682,10.912,0.183010295048024
683,10.927999999999999,0.16528935239070802
684,10.944,0.185371901793127
685,10.96,0.167860798362335
686,10.975999999999999,0.16566456815448902
687,10.992,0.14916041871272198
688,11.008,0.16830604932199802
689,11.024000000000001,0.17062946916059
690,11.04,0.15731360687996399
691,11.056,0.168034964021828
692,11.072000000000001,0.152591838255383
693,11.088,0.146333888240118
694,11.104000000000001,0.16208505271407
695,11.12,0.16597340352881199
696,11.136,0.159467174119885
697,11.152000000000001,0.17147108052817597
698,11.168,0.15199399956776502
699,11.184000000000001,0.188804731660447
700,11.2,0.17943311958881303
701,11.216,0.174985174935758
702,11.232000000000001,0.158508963875772
703,11.248,0.15201754048544197
704,11.264000000000001,0.16907976382986703
705,11.28,0.17237003998769498
706,11.296,0.17659332321699697
707,11.312000000000001,0.15927284198903602
708,11.328,0.178770044813993
709,11.344000000000001,0.149645857354639
710,11.36,0.184532771922342
711,11.376,0.17738259949540197
712,11.392000000000001,0.1717079638684
713,11.408,0.17767106842737102
714,11.424000000000001,0.168988382135792
715,11.44,0.17509294727354596
716,11.456,0.17309009934909197
717,11.472000000000001,0.192476462318407
718,11.488,0.18003089048313398
719,11.504000000000001,0.17085640040673497
720,11.52,0.161873459326211
721,11.536,0.186593547309523
722,11.552,0.17186572673450698
723,11.568,0.17200088698351598
724,11.584000000000001,0.16074325320749303
725,11.6,0.15892911293699802
726,11.616,0.166556481114194
727,11.632,0.17501737049332
728,11.648,0.18289269524476104
729,11.664000000000001,0.15528741662295
730,11.68,0.13979220078262
731,11.696,0.16084238337352402
732,11.712,0.17547421274485503
733,11.728,0.16688626745826302
734,11.744000000000002,0.17362547159386701
735,11.76,0.14371982575602998
736,11.776,0.159914810870871
737,11.792,0.159299021155668
738,11.808,0.14474101815412
739,11.824000000000002,0.167225802424828
740,11.84,0.16257771668770998
741,11.856,0.19677147406875398
742,11.872,0.17365180008963
743,11.888,0.18394422836047303
744,11.904000000000002,0.15934275888422197
745,11.92,0.14055658266030802
746,11.936,0.13962208540738902
747,11.952,0.13519086656943
748,11.968,0.17249796582587498
749,11.984000000000002,0.16563875183357699
750,12.0,0.147000859063117
751,12.015999999999998,0.175802004169746
752,12.032,0.168421961325968
753,12.048,0.18388713442262697
754,12.064,0.17933130699088198
755,12.08,0.171844487839517
756,12.095999999999998,0.129874057207915
757,12.112,0.162107043374453
758,12.128,0.141363731876443
759,12.144,0.15358931552587698
760,12.16,0.14876957494406798
761,12.175999999999998,0.17803405712226503
762,12.192,0.155852679743463
763,12.208,0.14710208337212302
764,12.224,0.172488758407964
765,12.24,0.185389160405575
766,12.255999999999998,0.17062433785116699
767,12.272,0.177844462923461
768,12.288,0.147753107002121
769,12.304,0.172740946430635
770,12.32,0.17703312822662198
771,12.335999999999999,0.149846048580227
772,12.352,0.160326386591687
773,12.368,0.165610637211323
774,12.384,0.16081277213352801
775,12.4,0.16799162758870198
776,12.415999999999999,0.18130863412307396
777,12.432,0.163793103448276
778,12.448,0.16119510872838902
779,12.464,0.15692158760890898
780,12.48,0.152521896707939
781,12.495999999999999,0.173763199551167
782,12.512,0.19279419699058603
783,12.527999999999999,0.169648429373831
784,12.544,0.16931414688843202
785,12.56,0.14949914949915
786,12.575999999999999,0.161724893644447
787,12.592,0.166595325742661
788,12.607999999999999,0.151992301077032
789,12.624,0.16747991113141
790,12.64,0.168527518717982
791,12.655999999999999,0.154489875558255
792,12.672,0.164654343412757
793,12.687999999999999,0.160818193932393
794,12.704,0.163811896605419
795,12.72,0.167198468410976
796,12.735999999999999,0.16640460038635901
797,12.752,0.16573348264277898
798,12.767999999999999,0.0999789960092412
799,12.784,0.16792320598042
800,12.8,0.130293159609119
801,12.815999999999999,0.16430721212796698
802,12.832,0.159859976662775
803,12.847999999999999,0.1402811302002
804,12.864,0.150197628458499
805,12.88,0.177107061503412
806,12.895999999999999,0.184458968772696
807,12.912,0.17310405854638503
808,12.927999999999999,0.15040679674562699
809,12.944,0.19302701454629298
810,12.96,0.16492521543121696
811,12.975999999999999,0.16680928049287
812,12.992,0.16976087925145
813,13.008,0.172398491235854
814,13.024000000000001,0.164870425709108
815,13.04,0.119088777854085
816,13.056,0.12244897959183501
817,13.072000000000001,0.162384978280162
818,13.088,0.145822848515347
819,13.104000000000001,0.152450820289929
820,13.12,0.16775582378718804
821,13.136,0.158594541252242
822,13.152000000000001,0.16479877738155801
823,13.168,0.14108595638499802
824,13.184000000000001,0.139672990899275
825,13.2,0.163006974941874
826,13.216,0.180564878401405
827,13.232000000000001,0.126090068120976
828,13.248,0.18585337183451
829,13.264000000000001,0.18295418135213098
830,13.28,0.154537262077064
831,13.296,0.146651864287456
832,13.312000000000001,0.15426411528466902
833,13.328,0.159232588134134
834,13.344000000000001,0.176407506702413
835,13.36,0.15110477548110998
836,13.376,0.17959319588201103
837,13.392000000000001,0.13857467650939
838,13.408,0.142652510953824
839,13.424000000000001,0.15926479641192198
840,13.44,0.198055385301167
841,13.456,0.184833852395781
842,13.472000000000001,0.18177042290517498
843,13.488,0.18170266836086602
844,13.504000000000001,0.18182598249527898
845,13.52,0.15877277663810802
846,13.536,0.11094772222556
847,13.552,0.15072186467211401
848,13.568,0.14933004231311803
849,13.584000000000001,0.11645101663585801
850,13.6,0.101804511278198
851,13.616,0.16377895312784302
852,13.632,0.19175343855357396
853,13.648,0.17330830538203199
854,13.664000000000001,0.177840188439938
855,13.68,0.17221516831314904
856,13.696,0.201074443591712
857,13.712,0.15873585922069
858,13.728,0.15076951433047303
859,13.744000000000002,0.119900372028504
860,13.76,0.128517110266159
861,13.776,0.14098191879544103
862,13.792,0.195080523402114
863,13.808,0.147496617050069
864,13.824000000000002,0.155617468362924
865,13.84,0.15647799580238198
866,13.856,0.16157545820876001
867,13.872,0.166750884284991
868,13.888,0.169960474308301
869,13.904000000000002,0.192647353984076
870,13.92,0.130219367183766
871,13.936,0.158839635393195
872,13.952,0.152730037017457
873,13.968,0.119732374675452
874,13.984000000000002,0.17221693625118803
875,14.0,0.15831663326653198
876,14.015999999999998,0.153569203074155
877,14.032,0.178998580985201
878,14.048,0.149207699670318
879,14.064,0.159113452132573
880,14.08,0.137077231061004
881,14.095999999999998,0.138274061178811
882,14.112,0.16899416651935503
883,14.128,0.16032638659168602
884,14.144,0.128612716763009
885,14.16,0.13899331662489497
886,14.175999999999998,0.14976293180278602
887,14.192,0.160747459294065
888,14.208,0.188906811349804
889,14.224,0.158858753082076
890,14.24,0.16220311508915
891,14.255999999999998,0.126611068991661
892,14.272,0.174530920395246
893,14.288,0.18058870326173398
894,14.304,0.137602013886068
895,14.32,0.17550738007380198
896,14.335999999999999,0.13968119186383202
897,14.352,0.174622356495462
898,14.368,0.17739826445299
899,14.384,0.169177702006183
900,14.4,0.152143787007097
901,14.415999999999999,0.183501683501684
902,14.432,0.139569571702535
903,14.448,0.112727425169786
904,14.464,0.14490836219308098
905,14.48,0.12441846594297999
906,14.495999999999999,0.12992476336865802
907,14.512,0.195518066221825
908,14.527999999999999,0.18541456016178398
909,14.544,0.19099987359372697
910,14.56,0.18249380677126398
911,14.575999999999999,0.153856008198824
912,14.592,0.16205465236942002
913,14.607999999999999,0.21155943293347698
914,14.624,0.15096830985916
915,14.64,0.14015925292867001
916,14.655999999999999,0.16177415898864
917,14.672,0.1732939969215
918,14.687999999999999,0.17095115681234
919,14.704,0.16748923187364903
920,14.72,0.213050526884626
921,14.735999999999999,0.15209244222361498
922,14.752,0.12261266451012598
923,14.767999999999999,0.159745418434595
924,14.784,0.181920585750493
925,14.8,0.172185430463575
926,14.815999999999999,0.149552033080634
927,14.832,0.156845594328331
928,14.847999999999999,0.118138757314014
929,14.864,0.156271110110336
930,14.88,0.15877898722196
931,14.895999999999999,0.15735188294555
932,14.912,0.155351994792153
933,14.927999999999999,0.161911554921538
934,14.944,0.115357215550581
935,14.96,0.16429271937608098
936,14.975999999999999,0.127413867458911
937,14.992,0.170872046408525
938,15.008,0.151414309484192
939,15.024000000000001,0.11342462963906
940,15.04,0.163745000246898
941,15.056,0.146823333679942
942,15.072000000000001,0.14030025918138098
943,15.088,0.09663865546218599
944,15.104000000000001,0.165507649513201
945,15.12,0.230584082156615
946,15.136,0.18371191732156303
947,15.152000000000001,0.14231160896130898
948,15.168,0.0920487106017187
949,15.184000000000001,0.130434782608696
950,15.2,0.11572561829211199
951,15.216,0.165957899213264
952,15.232000000000001,0.166620228475898
953,15.248,0.18757080433727202
954,15.264000000000001,0.163511466897448
955,15.28,0.170136358904966
956,15.296,0.15192338906021602
957,15.312000000000001,0.15088416867218
958,15.328,0.148001286035791
959,15.344000000000001,0.14867571778321803
960,15.36,0.142957293918324
961,15.376,0.162690428283991
962,15.392000000000001,0.0582635416039072
963,15.408,0.094931617055513
964,15.424000000000001,0.12722646310431898
965,15.44,0.133066921149948
966,15.456,0.174497826853045
967,15.472000000000001,0.17742228685693498
968,15.488,0.17763555126192498
969,15.504000000000001,0.207317073170732
970,15.52,0.18951752863589202
971,15.536,0.13895417156286902
972,15.552,0.1513286382198
973,15.568,0.128568044533936
974,15.584000000000001,0.12932700755578802
975,15.6,0.142752472829403
976,15.616,0.187855787476277
977,15.632,0.17843546604445998
978,15.648,0.12969880924585903
979,15.664000000000001,0.156032482598604
980,15.68,0.11198954183266999
981,15.696,0.149009528585754
982,15.712,0.171878989022211
983,15.728,0.160892505244423
984,15.744000000000002,0.069452505320182
985,15.76,0.156717832101565
986,15.776,0.143577673167454
987,15.792,0.133252458179034
988,15.808,0.15808543096872302
989,15.824000000000002,0.208357857563269
990,15.84,0.184385491409391
991,15.856,0.15847828973575798
992,15.872,0.194282417793731
993,15.888,0.163901791639018
994,15.904000000000002,0.179470832005102
995,15.92,0.173935685457621
996,15.936,0.101247987117556
997,15.952,0.208752106873082
998,15.968,0.16419422534191902
999,15.984000000000002,0.150841605524387
1000,16.0,0.180913222246263
1001,16.016,0.14288633113124802
1002,16.032,0.09994117262566199
1003,16.048,0.15621857190747002
1004,16.064,0.19819432502149303
1005,16.08,0.131323094265189
1006,16.096,0.16150380174598
1007,16.112000000000002,0.210584669968215
1008,16.128,0.18684210526316003
1009,16.144000000000002,0.187358916478552
1010,16.16,0.18341249543296104
1011,16.176,0.119710822879016
1012,16.192,0.157667386609064
1013,16.208,0.194040356640075
1014,16.224,0.117306802406299
1015,16.24,0.17143061311990498
1016,16.256,0.137276180141074
1017,16.272000000000002,0.119718309859154
1018,16.288,0.181065952786563
1019,16.304000000000002,0.14017399788601198
1020,16.32,0.19192677070828099
1021,16.336,0.18498596819457397
1022,16.352,0.187894367842954
1023,16.368,0.11459968602826198
1024,16.384,0.0531947890818874
1025,16.4,0.16381189660541
1026,16.416,0.14436533267862
1027,16.432000000000002,0.136289760854424
1028,16.448,0.170576407506695
1029,16.464000000000002,0.194148936170213
1030,16.48,0.161668839634944
1031,16.496,0.0964919660132957
1032,16.512,0.116684841875678
1033,16.528,0.139152981849611
1034,16.544,0.201949193161847
1035,16.56,0.1115869424693
1036,16.576,0.14576868237858803
1037,16.592,0.183283144787178
1038,16.608,0.167275383491598
1039,16.624000000000002,0.157517899761339
1040,16.64,0.141004147180792
1041,16.656,0.131680331917415
1042,16.672,0.137780367025926
1043,16.688,0.12868260144525
1044,16.704,0.193000783494382
1045,16.72,0.12397540983607198
1046,16.736,0.0980751604032927
1047,16.752,0.13377483443709098
1048,16.768,0.14185865907325698
1049,16.784000000000002,0.128172930307651
1050,16.8,0.129842045881908
1051,16.816,0.11595866819747601
1052,16.832,0.173006239849561
1053,16.848,0.12436548223350301
1054,16.864,0.11136808397082301
1055,16.88,0.11440677966101401
1056,16.896,0.188547486033517
1057,16.912,0.146478013029315
1058,16.928,0.2155028070521
1059,16.944000000000003,0.16103841283242
1060,16.96,0.115168539325849
1061,16.976,0.12276597735566301
1062,16.992,0.14385644768856
1063,17.008,0.12602438536878302
1064,17.024,0.194191872332526
1065,17.04,0.101778656126487
1066,17.055999999999997,0.106257599850341
1067,17.072,0.13829481154694198
1068,17.088,0.0857855361596042
1069,17.104,0.0594112020405953
1070,17.12,0.15148335400172
1071,17.136,0.0723684210526267
1072,17.152,0.229147847034024
1073,17.168,0.16948198198199
1074,17.184,0.0805734058329188
1075,17.2,0.137252974142167
1076,17.215999999999998,0.13791244339011902
1077,17.232,0.188529921942757
1078,17.248,0.25374720952481894
1079,17.264,0.120521172638444
1080,17.28,0.11083249749247902
1081,17.296,0.126543209876539
1082,17.312,0.15676196594924402
1083,17.328,0.134960516870061
1084,17.344,0.144635447540014
1085,17.36,0.138662316476349
1086,17.375999999999998,0.17320330718676802
1087,17.392,0.17461229178632698
1088,17.408,0.07881269191403
1089,17.424,0.151848151848149
1090,17.44,0.10693364575567199
1091,17.456,0.153433476394846
1092,17.472,0.18368437934352697
1093,17.488,0.12775891341256698
1094,17.504,0.11353304580952801
1095,17.52,0.161353604708189
1096,17.535999999999998,0.173672566371687
1097,17.552,0.163675117792233
1098,17.567999999999998,0.125149700598804
1099,17.584,0.13420172084129903
1100,17.6,0.15273880688056501
1101,17.616,0.17482100238663598
1102,17.632,0.19786096256684305
1103,17.648,0.216595485051859
1104,17.664,0.21197207279387
1105,17.68,0.18042580925483603
1106,17.695999999999998,0.188135593220335
1107,17.712,0.146310752958952
1108,17.727999999999998,0.206874999999996
1109,17.744,0.165586099585065
1110,17.76,0.137829912023466
1111,17.776,0.158259773013862
1112,17.792,0.15629962943356698
1113,17.808,0.146449892036073
1114,17.824,0.19901112484548603
1115,17.84,0.166555629580279
1116,17.855999999999998,0.121179767783267
1117,17.872,0.125193015797605
1118,17.887999999999998,0.178858814923181
1119,17.904,0.0855981711963508
1120,17.92,0.0874598070739484
1121,17.936,0.16701201823455802
1122,17.952,0.178435466044464
1123,17.968,0.22518312705227497
1124,17.984,0.188808373590989
1125,18.0,0.147727272727273
1126,18.016,0.128665637715726
1127,18.032,0.21862509992006302
1128,18.048,0.18872704243192398
1129,18.064,0.10773440875701598
1130,18.08,0.202594429607025
1131,18.096,0.122154115586685
1132,18.112000000000002,0.113756613756617
1133,18.128,0.13485826550659402
1134,18.144000000000002,0.0634551011497628
1135,18.16,0.17922606924642998
1136,18.176,0.181125687685148
1137,18.192,0.12471655328798101
1138,18.208,0.25169045830201997
1139,18.224,0.0878378378378527
1140,18.24,0.0746205733558116
1141,18.256,0.128612716763005
1142,18.272000000000002,0.10697674418605199
1143,18.288,0.0696071674707062
1144,18.304000000000002,0.0137046216649681
1145,18.32,0.134110787172002
1146,18.336,0.167275383491604
1147,18.352,0.202152190622589
1148,18.368,0.150395778364118
1149,18.384,0.0949316170555174
1150,18.4,0.146197970289746
1151,18.416,0.165995165189359
1152,18.432000000000002,0.17435986761888
1153,18.448,0.174169741697426
1154,18.464000000000002,0.0949848024316085
1155,18.48,0.0711622629275405
1156,18.496,0.0683730087703546
1157,18.512,0.14969450101833098
1158,18.528,0.21128566848348604
1159,18.544,0.11869285472401402
1160,18.56,0.162779850746268
1161,18.576,0.128317097749411
1162,18.592,0.142318567389259
1163,18.608,0.13549526408733
1164,18.624000000000002,0.169949856733518
1165,18.64,0.19786096256685298
1166,18.656,0.08501440922190501
1167,18.672,0.129464285714283
1168,18.688,0.18024691358024103
1169,18.704,0.127436994769386
1170,18.72,0.0817901234567828
1171,18.736,0.0916713247624371
1172,18.752,0.209750344014142
1173,18.768,0.157007376185474
1174,18.784000000000002,0.17907769603443802
1175,18.8,0.24859430908162303
1176,18.816,0.180246913580249
1177,18.832,0.103260869565214
1178,18.848,0.0647128245476023
1179,18.864,0.197860962566842
1180,18.88,0.163732394366194
1181,18.896,0.1145732533385
1182,18.912,0.115566037735849
